episode,steps,total_reward,eps,yield_kg_ha,n_applied_kg_ha,n_uptake_kg_ha,nue_re,nue_ie,nue_eunep,nue_fert,nsurp,nsurp_fert,n_apps
1,48,167.3717295570397,0.4464,9370.855372765987,140.0,285.015772084932,1.986136587519523,0.6690749267668349,1.3288741918482185,1.362120763103041,-47.19430289911659,-50.69690683578784,4
2,48,146.3990871316811,0.4428288,8182.583097466897,110.0,263.04499980266684,2.317524947993735,0.6330307215789553,1.4670644901112821,1.5137778730176144,-53.013012359513354,-56.515566033451364,4
3,48,145.74541107287138,0.4392861696,8225.552434241832,180.0,317.6579007941075,1.7310693687414767,0.5269505075045796,0.912187882386825,0.9299444001993965,16.113862013418355,12.610007963178703,4
4,48,146.13262989812023,0.4357718802432,8167.915995933297,110.0,256.55335196664305,2.2603309900057713,0.6478850860549512,1.4644347379782703,1.511064459233923,-52.71453133509041,-56.21709051724261,4
5,48,130.17078695040945,0.4322857052012544,7402.085481940301,210.0,343.89037858999393,1.6107101745343175,0.43802458264364486,0.7055306519623185,0.717297331222704,62.86989253513204,59.36756044251487,4
6,48,149.57628688362004,0.4288274195596444,8391.307694370013,140.0,285.7116195125499,1.9909771769125746,0.5976764678705386,1.189960206712129,1.2197365112800715,-27.259899778868885,-30.76311158042975,4
7,48,153.94463726164818,0.4253968002031672,8575.369475513193,90.0,248.59101436767617,2.6586441250888506,0.7019914588219427,1.8663454678670173,1.93898632027505,-81.00583926228263,-84.50876882669348,2
8,48,168.21158132420896,0.42199362580154187,9417.084897022565,140.0,295.95101358349154,2.0623280698620916,0.6475317497086329,1.3354229035555403,1.368840554664574,-48.13431468014704,-51.6376776544092,3
9,48,157.27083915583904,0.4186176767951295,8769.738490440855,100.0,247.71212801427777,2.3932989558793616,0.7204499017079395,1.724251997527961,1.7846417827868675,-74.96180244758327,-78.4641782804714,4
10,48,156.45816653360117,0.4152687353807685,8725.005038454405,100.0,257.66270328213506,2.4894385491904405,0.6890941151752197,1.715457454344127,1.7755385253077158,-74.05151729176085,-77.55385253254713,4
11,48,141.49753183142715,0.41194658549772234,7878.941588122812,80.0,227.2624719720859,2.7216012542767274,0.7055122648550943,1.9201230649456884,2.004205766453688,-76.83323996570624,-80.33646131829923,3
12,48,166.28224185384536,0.40865101281374056,9389.83551790859,210.0,354.22198324425426,1.6590952527699796,0.5394446472203808,0.8949900533380368,0.9099197751834758,22.419949368917827,18.916847210560178,4
13,48,149.34702023882858,0.40538180471123064,8344.851667244377,110.0,248.3833044897046,2.1883561504727864,0.6836922142437245,1.496162062076636,1.543797558426175,-56.31550080026231,-59.81773142842306,4
14,48,148.37933982862813,0.4021387502735408,8359.257985833001,170.0,306.3056499381431,1.7654266869211115,0.5553632459783202,0.980453095388461,1.0006523530041231,3.3914335632893255,-0.11090001170157393,4
15,48,154.7846362222319,0.39892164027135246,8768.230099754055,220.0,357.93793324602404,1.6014861342139606,0.4985039750085738,0.798347203829004,0.8110612842235635,45.07012802115423,41.56651747000498,4
16,48,151.53639256148773,0.39573026714918164,8476.644055787292,120.0,253.08721847736098,2.0492341175650997,0.681582055278782,1.3967212016029404,1.4374975544486157,-48.99638580389981,-52.4997065352714,4
17,48,145.6421137136098,0.3925644250119882,8140.915600462917,110.0,250.65359381152106,2.20834603230748,0.6609425779601357,1.459589919627166,1.506069386071948,-52.164770987423765,-55.66763246942037,4
18,48,151.9845911174814,0.38942390961189227,8467.47900685206,90.0,242.49611738316656,2.593455269946368,0.7105812647567378,1.8428607258161165,1.9145910865280535,-78.81009396085946,-82.31319778943941,4
19,48,158.39880108819924,0.38630851833499713,8978.449996598185,230.0,370.190408254524,1.585379151515539,0.4935607551037801,0.7824809311499135,0.7943976409999073,50.79130302817208,47.288542569226934,4
20,48,147.83307126077395,0.38321805018831717,8295.352631737434,140.0,273.0693480204661,1.9028735584608476,0.6181961735323971,1.1763491525607799,1.2057887575332216,-25.30675141368178,-28.810426055856794,4
21,48,151.28613411222932,0.38015230578681064,8496.704690495366,150.0,304.66387713650306,1.9847435354840657,0.5675367295793412,1.1264148551860629,1.1527196030028533,-19.40504615435208,-22.907940451580686,4
22,48,178.3299983522165,0.3771110873405161,10064.28129863029,220.0,357.0446039150288,1.5974922714189634,0.5736205565938032,0.9163544058882112,0.9309460201190703,18.695056340244975,15.191875572873585,4
23,48,158.61115636949955,0.374094198641792,8990.139063659359,230.0,360.97263295445896,1.545900808558174,0.5068232692533298,0.7834985017369901,0.7954318693246631,50.55377125905494,47.05067005453205,4
24,48,150.93883504225906,0.3711014450526577,8545.259814072717,210.0,344.5430766994012,1.6137615011921635,0.5047149369005949,0.814489534249176,0.8280763676931034,39.60705877596902,36.103962783620204,4
25,48,163.42163747849673,0.3681326334922364,9243.652638217467,220.0,356.5888905894393,1.5954580579471336,0.5275215693799545,0.8416385386105266,0.8550378690312291,35.39418510321653,31.89166881227456,4
26,48,137.16799318025858,0.3651875724242985,7651.9014245752505,90.0,244.13350363846206,2.6109640979136013,0.6378321355682055,1.6653568064709672,1.7301799332041796,-62.21299192350726,-65.71619399010635,4
27,48,146.7933843391936,0.3622660718449041,8328.352746143755,220.0,354.2140749624753,1.5848297397098634,0.47847330290729273,0.7582987201068241,0.7703726290147956,54.02094188912449,50.51802161597459,4
28,48,145.09159359352847,0.3593679432701449,8234.67791014083,220.0,356.0886492712477,1.5932162379369053,0.4706010590729216,0.749769248907389,0.7617077066845646,55.92732991253453,52.42430452863411,4
29,48,152.8118258085235,0.35649299972398374,8659.637023643061,220.0,358.17834810248644,1.602562116043498,0.49199962634318983,0.7884599622873539,0.8010164246833422,47.27995283634556,43.7763865688637,4
30,48,156.15000768325854,0.35364105572619187,8843.386782807209,220.0,353.1800729220946,1.5801988083953162,0.5095500421092949,0.8051903693611708,0.8180132774059485,43.54064766270568,40.037078969873306,4
31,48,168.61824955169462,0.35081192728038235,9540.978122513052,230.0,363.0273143768829,1.5546994898053388,0.5348327718146202,0.8315042374736555,0.8441691512708541,39.34430065319438,35.84109520685939,4
32,48,163.75741309470354,0.3480054318621393,9205.741899857077,170.0,312.98518138103543,1.8039204547736782,0.5985486176530024,1.0797340945642102,1.1019814568293502,-13.834085635647853,-17.336847662091515,4
33,48,161.27548778120942,0.34522138840724215,9012.731203897694,120.0,264.8475716749837,2.1444530308950998,0.6925080673335452,1.4850510239183359,1.5284089999815804,-59.90552554641812,-63.40907999931807,4
34,48,145.12187644071125,0.3424596172999842,8225.066133137625,210.0,326.7062156380226,1.5302219972109234,0.5123260219642983,0.7839725485557356,0.7970480752788268,46.122400058547726,42.61990419064932,4
35,48,150.3945084603557,0.3397199403615843,8526.576124861325,220.0,358.2941211002229,1.6030816136952257,0.484283201766259,0.7763454965751119,0.7887082915460876,49.98753216837713,46.484175859072025,4
36,48,152.17099002057785,0.33700218083869166,8466.460616534257,80.0,231.29941952366823,2.7699667732933713,0.744889346893052,2.0633187406828744,2.153655919303981,-88.78987642113074,-92.29247354647214,3
37,48,158.94551659911576,0.3343061633919821,8997.26518407639,220.0,357.0864877038796,1.597681016828173,0.5127450990172333,0.8192031111738096,0.8322470295232832,40.4086456164477,36.90565350404546,4
38,48,161.65784974846943,0.33163171408484626,9067.614341854429,150.0,295.6260051793088,1.9258683974468327,0.6241871439699332,1.202102294668357,1.2301730123700498,-31.023248572701704,-34.525951856737635,4
39,48,164.73811342588803,0.3289786603721675,9327.396566625643,230.0,363.4445818449001,1.5564903204638465,0.5222598701755088,0.8128924326971211,0.8252718266522026,43.690108870442145,40.18747986916816,4
40,48,160.12525385319478,0.32634683108919016,9073.482350040995,230.0,365.69608679921873,1.566132079680377,0.5049147980744096,0.7907632627718352,0.8028059383588323,48.857345437318486,45.35463417666577,4
41,48,150.70335290344397,0.32373605644047665,8396.953426732205,90.0,245.76354986866943,2.6284171820907587,0.69529432792055,1.827523558124056,1.8986444692455746,-77.37551277357544,-80.87800223400038,4
42,48,158.77220318407404,0.32114616798895285,8987.725171138549,220.0,359.4654664509029,1.608328548400833,0.5088116225404974,0.8183362582923074,0.8313645783265369,40.60230213129876,37.09979276733054,4
43,48,146.79358217665668,0.31857699864504124,8328.363636079523,220.0,355.2926988137053,1.5896555430142925,0.4770213420079534,0.7582996204611939,0.7703736363338543,54.02074715269154,50.51780000578171,4
44,48,144.12374456206024,0.3160283826558809,8181.402794190578,220.0,357.7781184071509,1.6007715634511905,0.46534860097801123,0.7449168075394773,0.7567797584591885,57.011997662836364,53.50845313822174,4
45,48,157.0356297721983,0.31350015559463384,8847.020959552943,180.0,327.5081733456546,1.7847587339876965,0.5497172015195493,0.9811125766382859,1.0002048695883456,3.4658945239031596,-0.03687652690240384,4
46,48,147.8463645801358,0.31099215434987676,8228.412207856873,80.0,232.0580738161565,2.7790341705859904,0.7215788085952284,2.005292165865509,2.093102355347428,-83.9450504442017,-87.44818842988735,3
47,48,150.95791788521595,0.30850421711507775,8557.588918655581,220.0,360.22068635466667,1.6117090979583155,0.483445124311089,0.779172905217934,0.7915769749720432,49.35536304117116,45.85306550535893,4
48,48,157.93721588551387,0.30603618337815713,8941.763410883132,220.0,356.9827058273688,1.5972141953717864,0.5097302542688366,0.8141483979309365,0.8271131155029301,41.53845362733273,38.03511458852827,4
49,48,158.31170000984247,0.3035878939111319,8962.376837664033,220.0,365.17069543611245,1.6338510896297012,0.4994496297906583,0.8160263218508526,0.8290198574801547,41.11867747094141,37.61563135353694,4
50,48,148.83562607082584,0.3011591907598428,8452.046351672032,230.0,373.81894348724643,1.6009153140125165,0.46011350214501323,0.736602751769853,0.7478223619816436,61.504115918820446,58.000856743474145,4
51,48,155.2258461801348,0.2987499172337641,8792.516440806672,220.0,363.5023733482934,1.6263898426742303,0.4922325758750471,0.8005620616387513,0.8133077707709203,44.57489958814219,41.07229042958423,4
52,48,163.68058702193858,0.296359917895894,9257.906479987812,220.0,360.57288388078393,1.6132783488084015,0.5224974070138885,0.8429337540463749,0.8563563493949802,35.104809597206014,31.601603132248016,4
53,48,170.11324963324367,0.29398903855272684,9623.270195037358,230.0,361.89573535963586,1.5498500394239823,0.541132512307332,0.8386742455354345,0.8514502107311251,37.67016231102647,34.166451530989775,4
54,48,166.55065727704482,0.29163712624430504,9427.167791987937,230.0,375.04682542931334,1.606178330749731,0.5115171001563389,0.821587682081242,0.8340994111570453,41.65974111982686,38.15713543304548,4
55,48,146.78259669466942,0.2893040292343506,8237.529404671624,140.0,277.36588013568644,1.9328266557031828,0.6043775943257957,1.1681571244268742,1.1973837384562156,-24.13100454821202,-27.633723385067555,4
56,48,160.70343919493698,0.2869895970004758,8958.685484391313,100.0,249.99227914498218,2.4153115296664063,0.729259520454647,1.7613889278801491,1.8230924960554014,-78.80612958661176,-82.30924960736323,4
57,48,151.30871463971422,0.284693680224472,8576.898477443397,220.0,361.55344165019665,1.617669957734856,0.48274988952907805,0.7809299933931699,0.7933631091599082,48.96271607857557,45.46011598402686,4
58,48,156.05658148195727,0.28241613078267624,8838.244150490298,220.0,356.4004776347372,1.594607316975313,0.5046521532619931,0.804722016121179,0.8175375839166364,43.64533260538349,40.141731537522446,4
59,48,150.67644893678818,0.28015680173641483,8553.374191489413,230.0,372.27561818164884,1.5943091341270736,0.4675599375713353,0.7454350792238665,0.7567876730263164,59.441617199032976,55.93883520319045,4
60,48,155.0864259760053,0.2779155473225235,8784.842074971391,220.0,346.1135914371141,1.5485874693431672,0.5165111704595761,0.799862726351783,0.81259789193116,44.731235356469256,41.2284637743322,4
61,48,144.28198893078908,0.2756922229439433,8190.113333560251,220.0,364.3712341188451,1.6302745042434676,0.4574148306206087,0.7457117362256691,0.7575854833508797,56.834188506651515,53.33119366204889,4
62,48,171.76259873541824,0.27348668516039176,9702.77969590016,220.0,354.9921768463802,1.5883118075467333,0.5562138539646116,0.8834410317755557,0.8975071218666854,26.051258740741815,22.548433188431716,4
63,48,168.2027745448106,0.27129879167910864,9518.108358276579,230.0,364.4744688471474,1.5608986729056231,0.5314322995052576,0.8295119710392161,0.8421456743047228,39.80946033034073,36.30649490907163,4
64,48,142.64007114750038,0.2691284013456758,7953.111198739494,90.0,235.22083045551358,2.515647651699211,0.6880590149275488,1.730914045140319,1.798286809917227,-68.3427222313473,-71.84581289434871,4
65,48,166.7777426835284,0.26697537413491035,9428.388984616526,220.0,364.29911388914684,1.629951040394608,0.5266763176777953,0.85845661195248,0.8721259810730645,31.635386317165512,28.132284163053697,4
66,48,146.61416980226682,0.26483957114183104,8318.487906768692,220.0,346.6226099659608,1.5508616577485927,0.48837330293854275,0.7573994301976091,0.7694601313726066,54.22201410579649,50.718771097257104,4
67,48,138.51957433779287,0.2627208545726964,7872.922020024928,220.0,358.14090170027623,1.6023911524168604,0.4473489689293882,0.716828029857258,0.7282452868489957,63.29008030816922,59.78603689249272,4
68,48,166.70599960043415,0.2606190877361148,9424.43989653956,220.0,353.22412270295877,1.580398950102663,0.5429622145464829,0.8580969138171076,0.8717606904259467,31.715784878848524,28.21264810541996,4
69,48,152.6233745800147,0.2585341350342259,8649.263751858573,220.0,350.0745074180651,1.5663069299380854,0.5027858744927747,0.787516999495263,0.8000568970432814,47.490616502464405,43.98748264967804,4
70,48,156.2385358525007,0.2564658619539521,8848.259803627494,220.0,362.6901102913441,1.6227536234604272,0.4964626326829854,0.8056365361012389,0.8184640318318229,43.4407941768159,39.9379129961805,4
71,48,147.66732112379978,0.2544141350583205,8365.179783332404,210.0,347.5793615339894,1.6279871474987786,0.4897627058149651,0.7973273903932825,0.8106257551904943,43.271113260404434,39.768591409185575,4
72,48,152.74553355651437,0.25237882197785394,8655.987975808574,220.0,360.16040099588565,1.6114351770567694,0.4890858484723523,0.7881301408311936,0.8006788877586536,47.353523444200874,43.85064469229553,4
73,48,156.06518643960862,0.25035979140203113,8849.996501327056,230.0,377.0086689611802,1.6145756747000524,0.47770102819591176,0.7712844599063687,0.7830322991357503,53.405822155621024,49.902571197994405,4
74,48,151.29103285528802,0.24835691307081487,8542.089109665218,190.0,331.18767805212485,1.7115349585688147,0.5248731305571199,0.8983387117646767,0.9149027020040648,19.671795675670552,16.168486618312812,4
75,48,152.52490557510683,0.24637005776624835,8632.564846981166,210.0,344.82338971923775,1.6150741214554414,0.5094570144403301,0.8228108400189144,0.8365366411201438,37.83044131095804,34.32730536393328,4
76,48,130.80610073979526,0.24439909730411835,7448.334933659672,220.0,360.8446696467598,1.6144955898139322,0.42005225142423086,0.6781725074177132,0.688970981360388,71.92942239989,68.42638410002567,4
77,48,151.72909248041833,0.2424439045256854,8453.4151197456,90.0,229.22366230625028,2.4515099550286608,0.7504766129084823,1.8398008875693614,1.9114110853879058,-78.52394589068251,-82.02699768682294,4
78,48,150.39932055319161,0.24050435328947992,8380.218008102142,90.0,247.042017644208,2.6420895332180563,0.6903175342009946,1.8238807317167283,1.8948604051442632,-77.03492092345044,-80.53743646487857,4
79,48,160.63984261490342,0.23858031846316408,8943.906127313448,90.0,242.3371683199918,2.591782561738973,0.751054784339752,1.9465706929704265,2.0223165520978483,-88.50636806423574,-92.00848969082867,4
80,48,153.53901867874927,0.23667167591545876,8553.042256770477,90.0,250.63910140290886,2.6805438813047218,0.6944423633437298,1.8614832279872522,1.9339378880371696,-80.55133275191362,-84.0544099252792,4
81,48,143.80254630651504,0.23477830250813508,8028.37817507101,100.0,243.65526907532765,2.3540826350693274,0.6705272431909335,1.5784765395431626,1.633774958610613,-59.87421800694641,-63.37749586269507,4
82,48,158.4043137463157,0.23290007608807,8967.474747966957,220.0,354.7861010536226,1.5873902129236446,0.5143609362899813,0.8164915161792597,0.8294914141831731,41.014653456583034,37.51188887887244,4
83,48,157.33673392140025,0.23103687547936544,8829.759119359293,150.0,290.70697917728074,1.8938175695205852,0.6180986730585732,1.1705661267397125,1.1979039871850914,-26.182439245675113,-29.68559807896159,4
84,48,152.2697230197866,0.2291885804755305,8505.731437209588,110.0,260.0905417056093,2.291499484520895,0.6655053029281941,1.5250050586117418,1.5735603158694687,-59.58929993970921,-63.091634747215124,4
85,48,153.4430117424557,0.22735507183172626,8604.151028923636,140.0,291.5172852781123,2.031441198380427,0.6006315312347683,1.2201476376008138,1.2506748102667524,-31.59177914033424,-35.094473438596,4
86,48,135.07894258011657,0.22553623125707245,7649.696844834952,190.0,326.7590572926449,1.6886566538245993,0.4764101478371443,0.8044931660972168,0.8193227936398524,37.83103486073736,34.328669207608726,4
87,48,137.68885974358466,0.22373194140701588,7759.523297384524,160.0,306.69068097993284,1.875742422131886,0.5148715265710737,0.9657663643403165,0.9869143693799259,5.59732344224463,2.093700898224938,4
88,48,164.1325897091262,0.22194208587575975,9215.114752525247,160.0,316.12084224403804,1.9334289918063599,0.5932148727749137,1.1469388333973674,1.1720474075794798,-24.02489461506832,-27.527585213888784,4
89,48,149.3569599137116,0.22016654918875367,8480.743100881356,230.0,365.84790371757094,1.5667819989121317,0.4717346207228658,0.7391053120142482,0.7503614004442837,60.919626824499375,57.41687789706441,4
90,48,147.84933952701772,0.21840521679524363,8262.41203979841,110.0,256.4563161581861,2.2594666267382806,0.6556285590000079,1.481370848602804,1.5285462273488097,-54.637051541268065,-58.14008500989763,4
91,48,159.43916703804956,0.2166579750608817,8934.208567074893,140.0,285.82680728014907,1.9917795389225843,0.6360884973295678,1.2669480539294786,1.2986510309905388,-38.307909321920846,-41.81114433997408,4
92,48,154.0125597413317,0.21492471126039464,8579.108259004332,90.0,251.9611425210173,2.69469888234218,0.6929038792379753,1.8671673089605432,1.9398317007644257,-81.08233070381496,-84.58485307073815,4
93,48,162.1945990206974,0.21320531357031147,9130.995707640084,180.0,320.557698488567,1.746880241178347,0.5796640153270983,1.0126036149001694,1.0323097924969078,-2.312800666894077,-5.815762650475705,4
94,48,152.27732411248178,0.21149967106174897,8506.149838304716,110.0,246.58336109141572,2.1724882305811843,0.7019944429446952,1.5250746652369298,1.5736377200720668,-59.597411832978025,-63.100149209500984,4
95,48,132.92760188184937,0.20980767369325498,7519.997901791674,180.0,317.0053326104053,1.7275279593539963,0.48274253319596916,0.8339512232680422,0.8501775405589466,30.470330399411694,26.96804269853945,4
96,48,158.75100846411675,0.20812921230370893,8896.328973639938,140.0,284.11670848132917,1.9798753748239213,0.6372039700890476,1.2615844491237842,1.2931449615162829,-37.537975178635065,-41.04029461357274,4
97,48,156.8068483577547,0.20646417860527924,8800.591641864627,150.0,295.2724145477401,1.9235667194558201,0.6065315657260044,1.1667039341339238,1.1939469327383416,-25.589480546939342,-29.092039911945164,4
98,48,151.81322198409634,0.204812465176437,8525.718169433387,150.0,298.46302817875943,1.9443505052493675,0.5813060525656605,1.1302627170143442,1.1566557649787519,-19.99567715587989,-23.49836474796942,4
99,48,150.39875568940664,0.2031739654550255,8391.465607387387,100.0,240.73301037394725,2.3258571973448046,0.7093598208420225,1.6498696448194927,1.7076632510862566,-67.26340556460977,-70.76632511033333,4
100,48,133.37409965457937,0.2015485737313853,7431.788388538524,80.0,227.42155713220646,2.7235188353352644,0.6650068516511641,1.811158686106913,1.8904611713108561,-67.73405385895325,-71.23689370675896,4
101,48,160.50103875925873,0.19993618514153422,8992.659148965638,140.0,283.09703766982136,1.972763595155892,0.6464236262840716,1.2752409969863783,1.3071472405724545,-39.497845096815695,-43.000613681450744,4
102,48,163.25967310111545,0.19833669566040193,9189.622562950153,180.0,312.20061218028656,1.7013459598283383,0.5990020898724074,1.019109785536416,1.0389378841944261,-3.506686403396941,-7.008819156035628,4
103,48,149.12082943713196,0.19675000209511873,8343.679718012438,120.0,265.3806069400001,2.1487719899027615,0.6398126985190821,1.374811605367084,1.4149490188344847,-46.29050070925513,-49.79388226155311,4
104,48,153.3809036685672,0.19517600207835778,8544.338837924104,90.0,246.5848087654064,2.6372023339668615,0.7051419599675022,1.8596020226118053,1.9319699483313728,-80.37487212590541,-83.87729535175552,4
105,48,165.29689340532258,0.19361459406173093,9346.87584110324,220.0,353.6227727491853,1.5821785492068012,0.5378865220900887,0.8510325171607951,0.8645860152981198,33.2947848116722,29.791076633549068,4
106,48,143.66118651697002,0.19206567730923707,8099.547889963669,170.0,315.2500366162552,1.816975248003678,0.5228414921990177,0.9499900499579366,0.9695635268223006,8.67685930088615,5.174200439239343,4
107,48,148.95639326796427,0.19052915189076317,8323.349659710699,110.0,245.23813144222422,2.160620488175458,0.6906763013496798,1.4922893673994502,1.539819687032481,-55.87659899218376,-59.38016557511273,4
108,48,157.14938589509484,0.18900491867563707,8898.39741812599,220.0,354.92076943447205,1.5879891979525498,0.5102051022454643,0.8102001911083563,0.8231017611729127,42.420876852062094,38.91761254113612,4
109,48,153.8982384070327,0.18749287932623196,8719.4384547274,220.0,360.10385997162706,1.611185192455175,0.4927483214625652,0.7939087991498321,0.8065480570586184,46.06189113346562,42.559427446297406,4
110,48,163.94029842889844,0.1859929362916221,9283.480950564124,230.0,374.91276856290057,1.6056063296013816,0.5039007822209726,0.8090662854272388,0.8213862493180807,44.58346122653785,41.08116265602007,4
111,48,142.92720507972297,0.18450499280128912,7968.916446288487,90.0,240.23568718120433,2.569276693505127,0.6750348026310364,1.7343511857119747,1.801860552001876,-68.6642128426195,-72.16744968197071,4
112,48,161.3220146274778,0.18302895285887882,9128.079189050355,220.0,337.9877493353172,1.512228270646502,0.5495951017808531,0.8311132503243068,0.84434732498332,37.746716895809044,34.243588502825276,4
113,48,158.22052997638852,0.18156472123600778,8968.63708792803,230.0,368.3669189157192,1.5775667898243686,0.49546187609913434,0.7816242013601923,0.7935294119067039,50.99145128307603,47.488235260664595,4
114,48,145.89928203224576,0.18011220346611972,8290.41570056948,230.0,371.20190915040706,1.5897103937568873,0.4544964757650935,0.7225177714515908,0.7335215630689366,64.79289145708472,61.290040493411084,4
115,48,151.54969648073876,0.17867130583839078,8466.09767604661,110.0,251.74086461616832,2.217920282556742,0.6843747357805766,1.5178886073631817,1.566228070054384,-58.78197102936372,-62.285087707548485,4
116,48,182.68468895931707,0.17724193539168365,10303.984640244238,220.0,360.85188492823045,1.6145311775616265,0.5810863021266841,0.9381819516401262,0.9531185792182597,13.816493345963266,10.31391257102976,4
117,48,151.98600197338342,0.1758239999085502,8614.179664963032,220.0,333.25283465489997,1.4910453989702463,0.5260227009411702,0.7843237279945872,0.7968116190054586,48.2042525745712,44.7014438180023,4
118,48,142.79881453204726,0.17441740790928179,8131.029588377127,240.0,374.0248075232108,1.5360165178025078,0.4423943246405222,0.6795249900317438,0.6894435505116046,78.03666336174891,74.53354787652546,4
119,48,152.34335646003527,0.17302206864600753,8633.850193209406,220.0,348.33771365774265,1.5585375769114198,0.5043922737689522,0.7861143121749611,0.79863114286824,47.80407773495969,44.30114856818858,4
120,48,166.2346873288162,0.17163789209683947,9342.103117125347,170.0,318.96014531957655,1.8383597982363526,0.5960362171343557,1.0957290198761083,1.1183046966610737,-16.609230751300856,-20.11179843350081,4
121,48,155.57282911954627,0.17026478896006475,8721.386531598297,140.0,290.87780996552317,2.02698384502695,0.6101538509879849,1.2367719989378783,1.2677158279768403,-33.97743927915738,-37.48021591802535,4
122,48,151.38389775175187,0.16890267064838424,8490.80738436461,140.0,274.09156933878074,1.9100067916964734,0.6304022071456759,1.2040724971530807,1.2341995019327545,-29.285001105048707,-32.78793027181982,4
123,48,152.1055904234176,0.16755144928319715,8541.811549700971,150.0,292.6166879716292,1.9062706162812468,0.5940394795688281,1.132400004816931,1.1588391002350396,-20.323688865562588,-23.82586503641477,4
124,48,150.74948098717724,0.16621103768893158,8444.607309251789,130.0,273.44227223054764,2.04821419884208,0.6284608350451217,1.2872224057602757,1.321905836476554,-38.344987215234994,-41.847758743273914,4
125,48,161.7657466646839,0.16488134938742013,9152.504357609065,220.0,360.2613594341169,1.611884665611384,0.516995394591822,0.8333369487365776,0.8466066530749903,37.24972306949314,33.746536322655544,4
126,48,164.47634612904227,0.16356229859232077,9301.708929875173,220.0,364.92729785042775,1.6327674989535144,0.5187054458173885,0.846925393463146,0.8604080760095426,34.21252723806771,30.710223277040228,4
127,48,145.45463246265751,0.1622538002035822,8119.317028824656,100.0,242.00470951434616,2.338153995561313,0.6827474633344034,1.5963687093612826,1.6522810153492944,-61.72563336236264,-65.22810153658173,4
128,48,152.31900270927497,0.16095576980195356,8587.394875833928,180.0,324.7015755742178,1.7694572870146588,0.5381972212904721,0.9523169950663996,0.9708526984569422,8.749997494658686,5.24651427677955,4
129,48,162.4069689550072,0.15966812364353794,9187.80034981049,220.0,350.63346553017806,1.5688018814076612,0.5332398515794782,0.8365476824018132,0.8498715323536072,36.532243647870786,33.02826288135654,4
130,48,162.2171298361768,0.15839077865438964,9143.51460539312,190.0,325.80735264327666,1.683737237991253,0.5711059640293192,0.9615923784780093,0.9793185379935299,7.431970503099393,3.9294777802500107,4
131,48,160.02878629344238,0.15712365242515453,9023.057538032828,190.0,327.51764219134367,1.6925715855675663,0.5606391755566336,0.9489219383060817,0.9664169520947455,9.883757044399317,6.380779101031948,4
132,48,153.6583111604819,0.1558666632057533,8683.674308387841,200.0,345.23735646053603,1.6964717622072443,0.5118587802516112,0.8683539669372168,0.8835638608740449,26.790383107987736,23.28722782430745,4
133,48,146.2802168363355,0.15461972990010728,8153.482514247565,90.0,243.67832510270958,2.6060853664259462,0.6809114807167232,1.7745134457345573,1.8435929907010484,-72.41978396416215,-75.92336916493795,4
134,48,155.07223907775284,0.15338277206090642,8761.50377485291,200.0,342.2559027431842,1.681825460467165,0.5209452938245531,0.8761390586672415,0.8914830090868263,25.206027192028984,21.703398181743268,4
135,48,163.37302511655912,0.15215570988441918,9229.698085350312,210.0,354.5629285675792,1.660699296002771,0.5297348958481147,0.8797303686055465,0.8944016954094497,25.6778291084606,22.17564396312116,4
136,48,165.27490912979832,0.15093846420534382,9345.665719700462,220.0,360.5282104809653,1.6130804393353395,0.5275157168468458,0.8509252842899667,0.8644740790683635,33.31863630026376,29.815702604095577,4
137,48,153.67510489635504,0.14973095649170107,8729.713485790446,240.0,380.1900870810662,1.561331836810845,0.46726539031905073,0.7295563301468988,0.740206955979564,65.85403561643312,62.35033056416444,4
138,48,160.19729318550088,0.14853310883976745,9021.05428444437,180.0,313.2132073187622,1.706851343846698,0.5861133898514886,1.000408427117751,1.019880303819017,-0.07494780941217982,-3.5784546884429176,4
139,48,158.63557229867675,0.14734484396904932,8935.089574430382,180.0,318.3696664441893,1.7349628141815712,0.5711256190638441,0.9908817113053112,1.0101615157702672,1.6732269445811596,-1.8290728396582665,4
140,48,155.48995091773963,0.14616608521729693,8761.939280989685,180.0,320.0520835288909,1.7441218445530011,0.557113899717786,0.9716745224049366,0.9905859131508307,5.197818115643344,1.6945356318599067,4
141,48,154.32588789488358,0.14499675653555855,8742.978361583286,220.0,350.51405274994033,1.5682748502306896,0.507596224065349,0.7960503922760198,0.8087254984427779,45.58333862716026,42.080390341780145,4
142,48,139.22547048139168,0.14383678248327408,7923.056667660684,230.0,364.1129862769917,1.5593489871752826,0.44281365747223417,0.6905010282886073,0.7010182747225822,72.26900184933814,68.76579681310508,4
143,48,142.68210791279603,0.1426860882234079,8011.818567336161,140.0,282.0305308592251,1.9653262233092534,0.578095241490341,1.136145737675291,1.1645750560294736,-19.537344089417587,-23.040507845290875,4
144,48,159.38904500594825,0.14154459951762063,8965.285683158927,170.0,313.6680898844735,1.8078570632410262,0.5816452789918731,1.0515315259296074,1.0731974332424175,-8.940859118586758,-12.443563652284155,4
145,48,157.80722548379424,0.14041224272147967,8945.886799350154,230.0,371.06474850914776,1.5891239465631841,0.4906119406322345,0.7796431833306201,0.7915165059390614,51.45391392216342,47.95120363322437,4
146,48,166.1905539912021,0.13928894477970782,9328.395111532014,160.0,304.52792291193225,1.8625151603182535,0.6233676002642021,1.1610316059470978,1.1864552532405628,-26.3292463486448,-29.832840519676495,4
147,48,144.23455736630717,0.13817463322147017,8187.502469659667,220.0,353.62704725701144,1.5821965203712407,0.4711621369165493,0.7454710935621504,0.7573439784400767,56.888195912901836,53.384324742425775,4
148,48,155.82756927093163,0.1370692361556984,8690.293899429273,100.0,252.97587574504237,2.4441543600628477,0.6990685587384604,1.708631465830213,1.7684748085161721,-73.34506714491053,-76.84748085338569,4
149,48,145.61878552793604,0.13597268226645282,8150.910195846097,120.0,255.03117423424416,2.0649793615119614,0.6503950859453222,1.343052429311155,1.3822585207007152,-42.36800885464545,-45.871022485468075,4
150,48,154.02895802913218,0.1348849008083212,8647.683053290702,150.0,292.5067470615455,1.9055504947617141,0.6016283449927965,1.146433190467614,1.1732023342219506,-22.477859455929632,-25.980350134465795,4
151,48,156.87875851990623,0.1338058216018546,8815.828618919262,160.0,308.77759550239836,1.8885134827490984,0.5810075439655158,1.0972405803613696,1.121263202461786,-15.899125351978796,-19.40211239500698,4
152,48,147.61449476571184,0.1327353750290398,8215.64896602146,80.0,234.1416786927052,2.803991277074038,0.7140482522859417,2.002185070828294,2.0898557057055855,-83.68545821304009,-87.1884564585367,4
153,48,137.77246884111466,0.13167349202880746,7820.519009253847,210.0,339.0174919645566,1.5878865498452217,0.46943761195214323,0.7454136700124675,0.7578455325597998,54.354776849554725,50.852438161684205,4
154,48,157.2849639209369,0.130620104092577,8815.630754716623,140.0,284.69174128318684,1.983880047107276,0.6301485425929633,1.2501391203683005,1.2814148989800134,-35.895588468927855,-39.398085858483284,4
155,48,158.4955440471688,0.12957514325983638,8927.381738711334,180.0,313.2883845816684,1.7072624792662858,0.5798881392451919,0.9900212623080195,1.0092901021209242,1.831131796044076,-1.6722183827756396,4
156,48,159.72315966375356,0.12853854211375768,8972.398286109625,160.0,296.58676792774475,1.813955970632649,0.6156320000297447,1.1167293421702398,1.1411769070074356,-19.085567058357356,-22.588305122330866,4
157,48,168.93762050866658,0.12751023377684761,9490.885699822016,170.0,309.34547683354384,1.7829406718883116,0.6243489511071159,1.113177138383282,1.136114847001423,-19.636568055029755,-23.13952399137804,4
158,48,165.7567385368137,0.12649015190663282,9293.237107767585,150.0,281.4078761750287,1.8332365746887234,0.6720400925266641,1.2320084772814521,1.2607825009453972,-35.61406844574597,-39.11737514307035,4
159,48,127.45235659442142,0.12547823069137976,7207.335090792172,170.0,308.50513647154526,1.7781000809698528,0.4754192127062793,0.845342940610399,0.8627604064515174,26.83341490287441,23.330730902379287,4
160,48,134.84138086959,0.12447440484584872,7535.112064159741,100.0,250.0849750986159,2.4162028425813307,0.6131497121911113,1.4814940775300118,1.533395305041173,-49.836227434860746,-53.339530505650714,4
161,48,166.76516470747563,0.12347860960708193,9382.58186312961,180.0,315.80450565627694,1.720981663910586,0.6046004331613244,1.0405062594663317,1.0607530050757046,-7.433001476264053,-10.93554091468755,4
162,48,154.73793475328736,0.12249078073022528,8697.987271056716,160.0,303.5600776892814,1.85660363125394,0.5830939374926607,1.082574321714598,1.106275256030612,-13.501141059252404,-17.00404096600417,3
163,48,146.68487946579057,0.12151085448438348,8209.593189067571,120.0,267.86604588624346,2.1688932415803674,0.6236894297079002,1.352715788943628,1.3922101783011072,-43.56165711471439,-47.06522139752508,4
164,48,155.13128121826102,0.1205387676485084,8787.311125571698,220.0,366.1679654111631,1.6383114617026806,0.48835998311348755,0.8000857577739392,0.8128262791116875,44.68148642194964,41.17821859461594,4
165,48,169.7179688257824,0.11957445750732033,9545.11855704202,180.0,324.43933394902785,1.768033046399219,0.5987041098590211,1.0585286512490404,1.0791286813040333,-10.740181960181502,-14.243162635805106,4
166,48,156.0730150151287,0.11861786184726177,8782.755271378252,170.0,308.9267496275046,1.780525864584208,0.578548377527927,1.0301203501050373,1.0513474692440947,-5.225973990299252,-8.729069772547433,4
167,48,168.9478429316718,0.11766891895248367,9457.612315278902,140.0,286.6895624775475,1.9978055858779515,0.6713268838670305,1.3411805985442706,1.3747315043896495,-48.96017771493908,-52.46241061592565,4
168,48,138.4417389669763,0.11672756760086381,7722.014585070529,90.0,228.36716453277424,2.4423410414052937,0.6881155490413977,1.680612846660302,1.7460332978271025,-63.639607779511024,-67.14299680618527,4
169,48,165.08567950539558,0.11579374706005689,9290.134832685395,180.0,323.97973189379286,1.7655258852567188,0.5835372562952181,1.030250131004072,1.0503013546894306,-5.550997250199913,-9.054243845147795,4
170,48,158.02557746022546,0.11486739708357643,8957.905953664636,230.0,370.1970698825103,1.5854085006913272,0.4924225527080415,0.780690900997561,0.7925799398099251,51.20925352190841,47.70661384292464,4
171,48,161.25760152766395,0.11394845790690782,9056.861426083777,160.0,295.7898294596753,1.80906806086771,0.6231016473989622,1.127233288987327,1.151919562622831,-20.803149238571507,-24.307130020804863,4
172,48,155.31524654768796,0.11303687024365255,8729.765318857706,160.0,300.21538200416376,1.836151299939073,0.5917442439231801,1.0865319627146302,1.110317026485275,-14.148194783643874,-17.65072423875432,4
173,48,163.0184191458671,0.11213257528170334,9198.900156650361,200.0,340.3046600264356,1.6722288541045538,0.5500883184283837,0.9198735583844999,0.9359880909344943,16.306022590442467,12.802381812165152,4
174,48,149.19633519418406,0.11123551467944971,8460.622843297411,220.0,361.70937427404976,1.6183663856828483,0.47600003512814304,0.7703424564373713,0.7826076130014532,51.32909773251711,47.82632513889769,4
175,48,131.18141150021998,0.11034563056201412,7435.157786107776,190.0,326.8966674054567,1.6893681021782645,0.4628540943770561,0.7819309430055985,0.796344531297352,42.19687106801362,38.69453905270677,4
176,48,169.81953198947463,0.10946286551751801,9618.381240131812,240.0,386.9472260559448,1.5890837045165347,0.5058417403097686,0.8038248665926152,0.8155585759827784,47.76930471050812,44.26594176331764,4
177,48,159.72565825028147,0.10858716259337786,8927.421051922798,120.0,271.1163927070056,2.19523254557827,0.6700923414922099,1.471008516591873,1.5139418200426251,-58.170661788008104,-61.673018406628955,4
178,48,160.9655768546691,0.10771846529263084,9085.901736922393,200.0,337.96929026830674,1.660758450231127,0.5470855064939093,0.9085768779114242,0.9244905017272311,18.60487759699666,15.101899653629289,4
179,48,172.76543879975893,0.10685671757028979,9746.702196276707,210.0,343.53280497262097,1.6090329285206153,0.5773695752563178,0.9290066585160811,0.9445018556823167,15.15726701451922,11.654610305769012,4
180,48,151.5384689527404,0.10600186382972747,8533.151811126789,170.0,315.05420320474366,1.8158539070436253,0.5511738538623134,1.0008511959993507,1.0214684667965217,-0.14768417113410237,-3.649639356430157,4
181,48,164.50996639681927,0.10515384891908965,9303.55955286064,220.0,355.8396568769106,1.5920993732696673,0.5320582831094419,0.8470896590838582,0.8605792586356976,34.17598433645202,30.672563099285952,4
182,48,151.4389711906329,0.10431261812773693,8550.232354854017,190.0,331.31606479272284,1.7122000972784381,0.525169911485004,0.8991959735350465,0.9157748864229658,19.505893858436394,16.00277157872074,4
183,48,170.98079077603364,0.10347811718271503,9716.138645678077,270.0,403.6828248995756,1.4759758002482823,0.48979894422866965,0.7229313886704652,0.7323089682919132,75.77891161373961,72.27657856045116,4
184,48,146.28987373251115,0.10265029224525331,8154.0140767606745,90.0,235.33710224695915,2.516897572173234,0.7050914831408346,1.774643042084732,1.8437131828915112,-72.43133404316359,-75.93418646207974,3
185,48,160.4446520811068,0.10182908990729128,9012.11273634099,160.0,301.0410170108891,1.8411947429105853,0.6092076621482322,1.121669944891899,1.146228088646206,-19.893411108623866,-23.396494184539165,4
186,48,148.22738266551198,0.10101445718803295,8373.45090909407,190.0,326.23246516200834,1.6859301749290208,0.5223260839932679,0.8806053061594599,0.8968406631535132,23.103225671144173,19.600273999935666,4
187,48,150.38013974367217,0.1002063415305287,8458.113048036119,160.0,298.7172558916333,1.826989651877397,0.576205750194091,1.0527219429603807,1.0757662532903705,-8.620166026689674,-12.122600527535013,4
188,48,152.4539551250406,0.09940469079828447,8572.26592860905,160.0,304.878185031489,1.8646649610645063,0.5721813504911955,1.0669265156390013,1.0902850727881492,-10.942681418068986,-14.445611647194141,4
189,48,153.42016454612948,0.0986094532718982,8602.893408164775,140.0,286.8744137172716,1.9990872213947755,0.6102631412367142,1.219969247338803,1.2504920061064477,-31.566180901361548,-35.06888085615316,4
190,48,158.46273402708076,0.09782057764572301,8914.297023563646,170.0,315.7502405608409,1.8198526501099768,0.5745235351419824,1.0455481779820004,1.0670937907556066,-7.902754190497404,-11.40594442952019,4
191,48,147.33849576027288,0.09703801302455722,8268.128791780307,140.0,282.2678712231834,1.9669802408702184,0.5960877523290501,1.1724928306601359,1.2018315779394817,-24.753265488891657,-28.256420912729254,4
192,48,156.38425790686603,0.09626170892036076,8811.166285400232,180.0,325.6603081835277,1.7746937477115268,0.5505959105286313,0.9771391199336976,0.9961512994827699,4.195023088104193,0.6927660921052734,4
193,48,142.1770432025901,0.09549161524899788,8085.525579489739,230.0,364.5631357238723,1.5612818933327057,0.45133593997499305,0.7046626308951864,0.7153932414865253,68.96199708426656,65.4595544573838,4
194,48,158.63309390174467,0.0947276823270059,8946.231843548449,190.0,332.96104384419596,1.7207023933890113,0.5467781333027488,0.9408424426296413,0.9581885158697514,11.447163743866412,7.944181983789065,4
195,48,150.10317481958987,0.09396986086838985,8465.42493640061,180.0,326.7654744332616,1.7807078008828399,0.5272019565531236,0.9387926366777162,0.9570633191933076,11.23174341299486,7.728602544247593,4
196,48,158.51856419027823,0.09321810198144273,8939.927571436023,190.0,325.74465573214064,1.6834096990665046,0.5584973471606648,0.9401798511160621,0.9575132951461346,11.575372182520937,8.072473921276924,4
197,48,145.7425839169902,0.09247235716559118,8281.790274508186,230.0,367.5702638112806,1.5741548973159174,0.4585094298387334,0.7217648644481348,0.7327584003717775,64.96880475306085,61.465567913758406,4
198,48,158.25568286260062,0.09173257830826645,9015.686842219444,270.0,391.49998407838785,1.4314290972684716,0.4686315062581511,0.6708127739563827,0.6795156564388377,90.0336551767621,86.53077276083431,4
199,48,166.93111367678182,0.09099871768180032,9448.109961841901,230.0,361.6757455396343,1.5489088527574268,0.531606114300195,0.8234094166218252,0.835952337924551,41.234531511218506,37.73096227651732,4
200,48,154.35619072008842,0.09027072794034591,8767.20376066981,240.0,370.4708687764136,1.5214226520096956,0.48158333506331513,0.7326917947976804,0.7433858188703636,65.09033034313904,61.58740347036937,4
201,48,158.8509574490163,0.08954856211682313,9003.338880883817,230.0,373.66251811461865,1.6002463742273731,0.49033000995110354,0.7846488206012251,0.7965997661964743,50.28517187570611,46.782053774014315,4
202,48,163.88523199980656,0.08883217361988854,9246.61375019577,200.0,336.8861031009669,1.6554404497320596,0.5585525436753621,0.924650474103672,0.9408429490777154,15.333809290556161,11.831410183516084,4
203,48,161.2336223828747,0.08812151623092944,9168.328418719366,260.0,399.97736836089007,1.5179228515856678,0.46646510047570994,0.708058035481055,0.7175980127700827,76.92761101718474,73.4245166790609,4
204,48,150.04259556922463,0.087416544101082,8518.48382062116,230.0,369.68442597902816,1.5832143103030847,0.46891655035261276,0.7423953928582216,0.7537006336908126,60.151307816910304,56.64885425035939,4
205,48,143.5837702277181,0.08671721174827335,8230.630826648214,290.0,374.7457155684586,1.276803124275946,0.4469519740012785,0.5706696768076567,0.57756323214384,126.00979439951902,122.50666267770885,4
206,48,146.69773328068595,0.08602347405428716,8176.464649126766,90.0,243.5574328104712,2.604824248388651,0.683169688927239,1.77953697148911,1.848789506754232,-72.8886118427341,-76.39105560972968,4
207,48,146.13970483428827,0.08533528626185287,8258.534971887944,190.0,325.4675490935475,1.6819814507651283,0.5163684894099789,0.8685222209498626,0.8845325614580797,25.441273734953114,21.938813322080335,4
208,48,141.4170062892977,0.08465260397175804,7964.73860787679,160.0,310.13946249417734,1.8968387851910031,0.522611438629204,0.9913096463795382,1.0130151916829981,1.4209017760917106,-2.0824306702926947,4
209,48,156.9562695468332,0.08397538313998398,8808.81651053191,150.0,303.07911218227053,1.974415190400331,0.5914608060516128,1.1677891999985814,1.1950627732541954,-25.756184422895814,-29.259415989324367,4
210,48,163.8731926499222,0.08330358007486412,9313.623198652624,260.0,402.9686684957393,1.5292753672383568,0.4703398723271076,0.7192791809816642,0.7289701234301997,73.97078190149875,70.4677679074191,4
211,48,155.25230412469227,0.0826371514342652,8850.366275372504,270.0,386.64360933019134,1.413674048394367,0.4658164504913777,0.6585126273765433,0.6670553840857905,93.3977039759385,89.89504629616954,4
212,48,150.96761874948234,0.08197605422279108,8434.057287911175,110.0,254.2342769550675,2.2398955270293808,0.6750980546917015,1.5121491130161262,1.560300598249383,-58.130327004919266,-61.63306580899243,4
213,48,142.91327440969522,0.08132024578900876,7968.149634485343,90.0,240.59557186602763,2.5731365536886415,0.6739602221415564,1.7341916833317634,1.801687167333056,-68.64900646638387,-72.15184506177673,4
214,48,146.91690480602173,0.0806696838226967,8199.807607531333,100.0,243.96010647454128,2.3570405770945824,0.6839892276813387,1.6121903639471087,1.6686608481159397,-63.36336668318154,-66.86608481326263,4
215,48,132.26401646332673,0.08002432635211512,7573.700471367134,260.0,361.8250683480394,1.3731343843639419,0.42596497057424065,0.5849071476316811,0.5927877099681861,109.37822356487519,105.87519540767883,4
216,48,140.15735281942204,0.0793841317412982,7884.122464877087,150.0,286.1977106309946,1.8644433288867912,0.5605980977484193,1.0452033835373176,1.0696126143945275,-6.938856591980141,-10.441892160248727,4
217,48,173.39643218430157,0.07874905868736781,9725.041679105057,160.0,301.4207590210786,1.8435233313966877,0.6565725559575402,1.2104068256664984,1.236903738553444,-34.40205177626163,-37.90459816978793,4
218,48,144.39099590790264,0.07811906621786886,8252.507068195224,270.0,365.6403066820787,1.3368783418353398,0.45929979755578404,0.6140279517633631,0.6219945142116697,105.56453318921328,102.06148116222718,4
219,48,154.0249064533115,0.0774941136881259,8703.85349553099,200.0,338.3852300470594,1.662801661998955,0.5234372038309697,0.8703722524847943,0.8856170931658501,26.379643564356627,22.87658136594436,4
220,48,163.6309272236768,0.0768741607786209,9232.615578999108,200.0,338.7215700657773,1.6644540710302413,0.5546848610662483,0.9232474751432863,0.9394186351584621,15.619377053896415,12.116272967368161,4
221,48,133.90321646332671,0.07625916749239194,7573.700471367134,180.0,321.59227178117897,1.7525175197868512,0.47925531213235456,0.8399033309654789,0.8562489143970274,29.378223564875185,25.87519540767883,4
222,48,164.97373601522577,0.0756490941524528,9272.694226632124,170.0,315.2717615265491,1.8171113921800641,0.598529112146553,1.0875940682363703,1.1099960441814927,-15.197712321225566,-18.69932751196373,4
223,48,170.71577429311284,0.07504390139923318,9554.927852320849,140.0,282.3520818159651,1.9675771016644885,0.6886536148183137,1.3549790834997895,1.3888770128095742,-50.94035864946119,-54.44278179472926,4
224,48,167.53460379594017,0.07444355018803932,9424.935531234665,180.0,323.4291861374163,1.762529585240573,0.5930121531411296,1.0452014643216858,1.0655413225531105,-8.294597118804887,-11.797438060625439,4
225,48,145.17346741523804,0.073848001786535,8126.397721981505,120.0,263.3969979179883,2.1327144707144554,0.6278438818546684,1.3390117321860717,1.3781016136745459,-41.86902360586859,-45.37219364232362,4
226,48,157.26222895278914,0.07325721777224271,8791.821927274132,120.0,264.30533547292623,2.140075249757404,0.6769200322771329,1.4486598071467562,1.4909464684878135,-55.41075289606022,-58.913576220028574,4
227,48,155.71199229638316,0.07267116003006477,8762.882825804103,170.0,320.7961188087461,1.8489403201819765,0.5558816177912431,1.02779193638542,1.0489686206121445,-4.821975718282658,-8.3246655051135,4
228,48,156.81548418160347,0.07208979074982425,8789.78830745877,140.0,288.92549252682807,2.0133797729464478,0.6190945301912318,1.2464724046331241,1.2776585146822024,-35.36946276195877,-38.87219205678596,4
229,48,156.89827232246301,0.07151307242382565,8805.624061345461,150.0,284.4678485812477,1.8531790195938647,0.6299286564069118,1.167370569898345,1.1946296643145702,-25.69182223263408,-29.19444964838013,4
230,48,157.21591195814548,0.07094096784443504,8868.22325965462,190.0,328.9182923007956,1.6998102169384133,0.5486722616460159,0.9326387160994396,0.949833385963272,13.034607184540988,9.531656666028482,4
231,48,138.48567074439745,0.07037344010167956,7780.826264347303,140.0,276.8292885205881,1.9290708438397528,0.5719763805523769,1.103382959092567,1.1309986748452616,-14.835863132797869,-18.339814479467606,4
232,48,164.89528692341216,0.06981045258086613,9347.32685217219,240.0,373.63109457767564,1.5344035614182943,0.5091067210458036,0.7811751659167618,0.7925754226704645,53.28439292867074,49.78189855829595,4
233,48,162.07510542829536,0.06925196896021919,9090.58212298648,150.0,297.91093505951187,1.9407536253024962,0.6209686333440526,1.205147126365652,1.233288974676944,-31.490639226696345,-34.99334620277486,4
234,48,158.96663957483432,0.06869795320853744,8896.919666143793,130.0,267.66324698579433,2.004926708790314,0.6764182876962512,1.3561690913214912,1.392710116958719,-47.54955632199403,-51.05231520602618,4
235,48,158.4892221194553,0.06814836958286914,8949.591133343716,200.0,342.4697013407395,1.6828775134898526,0.5317964738194716,0.894948327546597,0.9106208978131701,21.378272988015766,17.87582043645537,4
236,48,149.9478552681103,0.06760318262620618,8366.645856118803,100.0,251.2219146075624,2.427208120728803,0.6777324479725727,1.6449977014069876,1.7026124317031501,-66.75882306240531,-70.26124317201763,4
237,48,153.86243703531395,0.06706235716519653,8740.025157445585,240.0,374.6921235445399,1.5387601628081338,0.4746817474331047,0.730421362964163,0.7410812998053191,65.64310307288378,62.14048804598235,4
238,48,139.58367918963722,0.06652585830787495,7863.823371477802,160.0,306.5174950831987,1.874696619004486,0.5220870200756867,0.9787547713652103,1.0001800350535819,3.4736469867796416,-0.028805609573254287,4
239,48,154.8337676313939,0.06599365144141195,8646.868917894748,110.0,255.65027998942256,2.252370630855207,0.6882988060320148,1.550304015965279,1.599670749795986,-62.46102388116405,-65.96378247915811,4
240,48,150.5753946513844,0.06546570222988066,8412.467366730029,110.0,255.85635246092008,2.2541820089734683,0.6691008812784329,1.508275168772031,1.556306462830907,-57.690741126066385,-61.19371091295608,4
241,48,153.1367322246987,0.06494197661204161,8564.734531001193,120.0,268.2454568999161,2.171983672963672,0.6497494858608323,1.4112452748115287,1.452436230870182,-50.78982775749769,-54.29234770587428,4
242,48,145.30244523602957,0.06442244079914528,8110.939904003389,100.0,242.3765576868734,2.3417144371874485,0.6809966632954088,1.594699718121918,1.6505762704481837,-61.553735267229754,-65.05762704646895,4
243,48,160.29803888160308,0.06390706127275211,9071.71458587566,220.0,362.77724330910235,1.623144378741656,0.5088780931740126,0.8259826164024479,0.8391335991896843,38.89336496159427,35.39060817743032,4
244,48,159.37352538066224,0.06339580478257009,8964.431407533562,170.0,312.9200827739949,1.8035423468148402,0.5829800935930388,1.0514292861484844,1.0730951714249113,-8.923137573573683,-12.42617914330799,4
245,48,157.43509258648183,0.06288863834430954,8970.517564071217,270.0,399.69270218114855,1.4613830005186736,0.45672595829797585,0.6674515513539324,0.6761112312154561,90.95301368420144,87.44996757115075,4
246,48,144.49661020157313,0.06238552923755506,8224.484515967037,240.0,382.4620796526798,1.5706678185028002,0.43760746176844906,0.6873359573381945,0.6973677495801327,76.13458337834052,72.6317401000708,4
247,48,154.64792177137187,0.061886445003654623,8704.31121106247,170.0,310.5770473153485,1.7900370786559037,0.5703342686644093,1.0209194881406776,1.0419572537887019,-3.629596804077721,-7.13273314512125,4
248,48,145.8629214293735,0.06139135344362539,8277.13554408397,220.0,359.28500876821397,1.6075179708861134,0.46881919426342034,0.7536352798768936,0.7656350378242871,55.063241737328184,51.5602916778912,4
249,48,149.85616769146114,0.06090022261607639,8496.94323176425,220.0,357.1987856945531,1.5981820620297758,0.48408001844042975,0.7736480020607038,0.7859672489346206,50.590393124026974,47.08720523359753,4
250,48,156.87508899363647,0.060413020835147775,8815.626630353745,160.0,301.5369469676492,1.8442205540577103,0.5949453416279058,1.097210427574709,1.1212375120411093,-15.894267896346435,-19.398001927698715,4
251,48,151.2189135224074,0.059929716668466596,8470.447158166313,130.0,280.1110234365483,2.0981683491064884,0.6153759946798943,1.2911624348418864,1.3259507666719887,-38.87095506262304,-42.37359966868448,4
252,48,163.37600840261982,0.05945027893511886,9241.140992052613,220.0,364.07467252512834,1.628951888110911,0.5165347478950887,0.8414102528609092,0.8548055417609812,35.4451906623452,31.942780811729335,4
253,48,167.81942755807626,0.05897467670363791,9497.00707646151,230.0,360.3527718304927,1.543247252478542,0.5363191547652794,0.8276730620454281,0.840278669587615,40.238846789919364,36.73590599400828,4
254,48,139.1195439000017,0.0585028792900088,7905.947261518229,220.0,362.2358225906919,1.6207244909851206,0.44414720118182477,0.7198402465598661,0.7313001216871121,62.616378852205116,59.113973228104044,4
255,48,152.12651568031433,0.05803485625568873,8554.242069704096,160.0,303.61622791596534,1.8569479827534634,0.5733515211383444,1.0646839505899852,1.0879926632336898,-10.576008196831793,-14.07882611847836,4
256,48,152.35142822041797,0.05757057740564322,8589.179733605877,180.0,323.75457102582817,1.764304632210238,0.5398836749223704,0.9525192685231666,0.9710544865439363,8.712839930739733,5.210192421120411,4
257,48,143.89262678201123,0.05711001278639807,8112.2874873127785,170.0,315.53684419993334,1.8186289918976486,0.5231878729879454,0.9514846340281576,0.971088531563788,8.417541752794676,4.9149496331849605,4
258,48,146.09965794490785,0.05665313268410689,8245.051904271912,180.0,318.3925643951753,1.7350781369632093,0.526980919199974,0.9143530715035222,0.9321489236166737,15.716494037874526,12.213193748066601,4
259,48,146.3518426127332,0.056199907622634035,8236.375990132285,160.0,299.4581267344087,1.8315096861276077,0.5597118142239862,1.02511760919471,1.0475640712384027,-4.1068154082381625,-7.610251399191981,4
260,48,146.63194094789029,0.05575030836165296,8195.400503544353,110.0,250.48063886211148,2.206815220452209,0.6658255145152016,1.4693538796034362,1.5161490931419221,-53.273177803076535,-56.77640024712758,4
261,48,144.05130694961522,0.05530430589475974,8019.513785964397,80.0,240.6746546273965,2.8822423745526455,0.6780818104687968,1.9543961275546622,2.039963819279194,-79.69453242650246,-83.19710554437549,4
262,48,158.16793101078983,0.05486187144760166,8920.627016611978,190.0,327.2828968795836,1.6913633554205276,0.5546723080194769,0.9381524160535374,0.9554461041426227,11.967656962910524,8.465240211946252,4
263,48,151.4456962668367,0.054422976476020846,8618.274688547184,250.0,382.1394344097265,1.5074349945012295,0.45894737396673213,0.691833332153705,0.7015275596449346,78.12120362256175,74.61811008806481,4
264,48,156.99385543396528,0.05398759266421268,8856.000189022143,190.0,327.31750745292345,1.6915433521906595,0.5505956746660433,0.931356453229122,0.94852423076659,13.282683296873586,9.78039615339938,4
265,48,170.6149754514931,0.053555691922898975,9639.608931110975,220.0,365.0374573346779,1.6332574919164056,0.5373860621862696,0.8776898121195845,0.8916638261237122,27.336657085204763,23.83395825189166,4
266,48,161.6360051620906,0.05312724638751578,9213.034907364485,280.0,409.1203542427128,1.4430917430444885,0.45826431860484357,0.6613174543121749,0.6695902155864203,96.0174041144881,92.51473963513274,4
267,48,164.2573276795173,0.052702228416415656,9312.210473909687,240.0,374.27895686133746,1.537067073620578,0.5063161571591184,0.778241894013462,0.7895978464303023,53.99854957997658,50.49651685593787,4
268,48,160.2238119080355,0.05228061058908433,8988.677927452825,150.0,291.2354253033886,1.8972628233361224,0.6280815447931314,1.1916357649636213,1.219463972149637,-29.41665373291832,-32.91959582366499,4
269,48,138.90091060713078,0.05186236570437165,7769.847008704286,110.0,262.80461571564433,2.315392561415473,0.6016499603553886,1.393055842788082,1.4374216965972253,-44.61312152522305,-48.116386627132215,4
270,48,162.5857994620406,0.05144746677873668,9141.25058964279,170.0,314.95349647699504,1.8152622365115636,0.5906410044005586,1.0721683106269984,1.094261467636097,-12.521420493110924,-16.02444949923077,4
271,48,158.25155981131718,0.05103588704450678,8925.230352359617,190.0,322.9777993990273,1.6691058576293338,0.5623557966148643,0.9386313542045865,0.9559391456292751,11.875046797561225,8.371562329481804,4
272,48,153.98853222291328,0.05062759994815073,8656.736512517933,160.0,306.95693011680453,1.8773791751594047,0.5739065345816795,1.0774401765150559,1.1010286751789933,-12.661693049100762,-16.164588029739946,4
273,48,149.2708576693476,0.05022257914856552,8408.331461955613,170.0,312.5278138456708,1.8012784081656297,0.5475018147816589,0.9862031974008555,1.0065267367634718,2.393791283470023,-1.1095452507967138,4
274,48,162.96614649627134,0.04982079851537699,9173.465431621695,180.0,315.57006876709823,1.7196977355665604,0.5915644099652756,1.0173119762622767,1.0371112307359132,-3.17680335812085,-6.680021533501474,4
275,48,154.45481762940148,0.049422232127253975,8704.960512434714,180.0,311.06345084288006,1.6951358089769402,0.5694849264594393,0.9653542915170983,0.9841441468170128,6.357610746478741,2.854053571953557,4
276,48,165.24007380511347,0.04902685427023594,9298.633445539355,180.0,319.31874511597886,1.740124205669402,0.5925965622450527,1.03119162216232,1.0512621700870814,-5.7237693816875606,-9.227190616725892,4
277,48,154.0003168179113,0.04863463943607405,8725.057346722699,220.0,359.3851561856407,1.607963541144844,0.49405189376713354,0.7944174326133269,0.8070678045681812,45.948382035511116,42.445082994193086,4
278,48,158.49593676355457,0.04824556232058546,8995.075508534956,240.0,369.80781416251955,1.5186982134530096,0.49498625931616047,0.7517347477092737,0.7627074441580152,60.45337346639474,56.95021340131365,4
279,48,148.03869955507548,0.047859597822020775,8351.786181266885,180.0,329.9407696176428,1.7980171263646005,0.5151192712110891,0.9261932717607969,0.944215826599094,13.543724561535043,10.041151211218875,4
280,48,159.38226248945043,0.04747672103944461,8987.46972474544,190.0,325.5557631298071,1.6824382480164157,0.5617931844907418,0.9451823410650699,0.962605309987406,10.607346098383573,7.104991101430272,4
281,48,147.78882028163716,0.04709690727112905,8292.916842716859,140.0,279.32779948079644,1.946489514165388,0.6041677844538567,1.1760062572401764,1.2054346982005903,-25.257490561297033,-28.76085774928808,4
282,48,160.3345006658976,0.04672013201296002,9096.279004012637,240.0,380.1427432379078,1.5611455267011227,0.48694676150985156,0.760194758474703,0.7712886572120244,58.39316117269746,54.89072226834284,4
283,48,150.21028997544866,0.04634637095685634,8584.10799666696,280.0,407.50144459643406,1.4373813662187478,0.42867724776962085,0.6161726880675024,0.6238807061841029,108.81606493764596,105.31340226782734,4
284,48,150.37175941758107,0.04597559998920149,8514.045214817035,210.0,353.8679032560773,1.657437481502597,0.4896200489696758,0.8115146208597709,0.8250515243842935,40.24219715886625,36.73917987847332,4
285,48,160.79451264540168,0.04560779518928788,9087.764223339114,210.0,339.1059878179175,1.588296180628401,0.5453634220216329,0.8661986402539487,0.8806476283050969,28.566990728722573,25.063998055049012,4
286,48,145.83198696797564,0.04524293282777357,8320.547529475181,260.0,400.66853466896805,1.5205498342506525,0.4226015460991764,0.6425867108767759,0.6512428547083412,94.17926042080092,90.67685777518005,4
287,48,170.43224408136538,0.044880989365151384,9629.55050813923,220.0,351.5705535880197,1.5730030626469844,0.5573884127670969,0.8767736803690789,0.89073342199883,27.54142470312962,24.03864715936669,4
288,48,171.47800952876204,0.044521941450230175,9687.114522417682,220.0,357.44449729756514,1.5992826313585329,0.5515059877017476,0.8820139472241051,0.8960580933195625,26.370239064735955,22.867219468800187,4
289,48,157.14332565171014,0.044165765918628336,8920.621217136024,240.0,382.77596438309314,1.571961026329107,0.47425820495499754,0.7455154146080055,0.7563943406998404,61.96755578600866,58.465358231281925,4
290,48,143.3173683792325,0.04381243979127931,8080.622468169346,170.0,294.24758123731453,1.69591138189181,0.5588513813272905,0.9477624183821329,0.9672980425075229,9.063434683657817,5.559332772753805,4
291,48,157.35996908360516,0.04346194027294907,8909.98894058486,220.0,351.42722299832576,1.5723581823679202,0.5159482904978303,0.8112555162453126,0.8241739770003534,42.185012629055876,38.681725059098085,4
292,48,153.401340151109,0.04311424475076548,8692.086759019596,220.0,362.93326910454874,1.6238382811092122,0.48737324627742284,0.7914153344959277,0.804018025205658,46.61936808333965,43.116034453951215,4
293,48,147.61889155352966,0.04276933079275936,8441.464829279994,280.0,389.70163532711047,1.3745933106562225,0.4408085409526547,0.6059324716752035,0.6135136045544085,111.71941477206684,108.21619072415211,4
294,48,133.79428491378033,0.042427176146417285,7601.540425704867,210.0,346.5790815806737,1.6232974077606248,0.4463378082633645,0.7245390071415689,0.7366254650588449,58.811784863412015,55.308652336905965,4
295,48,153.4078624999873,0.04208775873724595,8647.331012274302,180.0,323.75295682990475,1.7642947751322173,0.543541556569296,0.9589675283254034,0.9776288116600247,7.529571711127545,4.026813900217945,4
296,48,154.34565247580815,0.04175105666734798,8766.623684472293,240.0,378.35878983124894,1.5538120782939444,0.4715122174328442,0.7326413785122502,0.7433366332427827,65.10277908675491,61.59920802098884,4
297,48,173.41503872840212,0.04141704821400919,9793.738026553758,220.0,362.6857360413847,1.6227369969027747,0.5495186301373534,0.8917242116136741,0.9059207674521048,24.199906749945114,20.697431159631037,4
298,48,159.53463183244696,0.041085711828297115,9029.692950539273,220.0,353.74407059963755,1.582727635677072,0.5194553543511551,0.8221563448343235,0.8352465979210861,39.748556282792975,36.2457484565258,4
299,48,141.7577273726167,0.040757026133670736,8051.1657055439355,220.0,357.23471415485494,1.5983489677513616,0.4586374605138127,0.7330627115864103,0.7447328277594288,59.661105206742604,56.15877789218092,4
300,48,157.3595017723555,0.04043096992460137,8966.356678172262,270.0,402.60948415328073,1.4720462457709604,0.4532068060544855,0.6671413774120102,0.6757976237041843,91.03792677686118,87.53464159919446,4
301,48,157.14107861009896,0.04010752216520456,8931.7762211757,250.0,387.20887338413604,1.527433978769671,0.469414981407559,0.7170003927472907,0.7270465844007938,71.74120820541941,68.2383538990745,4
302,48,155.76684239181338,0.03978666198788292,8901.246347322805,290.0,397.50125749370477,1.3543335705866177,0.4556975852345124,0.6171665377199094,0.6246219419565326,112.36285208505646,108.85963683198091,4
303,48,147.44281145770094,0.03946836869197986,8409.21514051307,260.0,385.92426229238106,1.4645953142778647,0.443422569735585,0.6494346178814703,0.6581828004183953,92.37479128805131,88.87247189055904,4
304,48,150.84319596608822,0.03915262174244402,8596.388835035405,260.0,392.56543524940037,1.4897923306879524,0.44562383002819933,0.6638869643494941,0.6728327415088372,88.5669481670096,85.06348720702951,4
305,48,153.9292588176386,0.03883940076850447,8642.19512399618,150.0,292.9070126559753,1.9081520462986306,0.6004249238623824,1.1457020471206159,1.1724578051476655,-22.365697453015656,-25.868670773322265,4
306,48,143.7797653899636,0.03852868556235643,8106.075047611801,170.0,306.80655029353204,1.7683107673563496,0.5376633160554789,0.9507558309965223,0.9703448659878224,8.543992318074118,5.041372781099852,4
307,48,163.52422285221863,0.03822045607785758,9283.13551231456,250.0,380.53579298327713,1.5011122580606955,0.49643636987232553,0.7452067201644594,0.7556472306993827,64.59074747200285,61.088192324398705,4
308,48,159.50037515852435,0.03791469242923472,9061.64337306789,250.0,392.51603925900224,1.5483699019123078,0.46980103791321054,0.7274257869938314,0.7376177705647757,69.09831453042023,65.59555735806845,4
309,48,144.4844956359388,0.03761137488980084,8291.489824183343,300.0,359.3084380653544,1.1838735125475037,0.46960160142682456,0.5559488973806549,0.5624393930718953,134.77057000696203,131.26818207786897,4
310,48,151.18117563249012,0.037310483890682436,8592.435494715151,240.0,370.3847662007038,1.5210713156653952,0.47209301859415675,0.7180871489114006,0.7285669263196866,68.64650221362342,65.14393768254666,4
311,48,155.97265691669799,0.03701200001955698,8856.181918682116,240.0,381.3184710970703,1.5659737957198496,0.4726319748586999,0.7401292876499878,0.7509304251851255,63.27915766246636,59.77669795481896,4
312,48,139.2858197063587,0.03671590401940052,7971.493350930735,270.0,371.8012291300011,1.3594067648088846,0.4363081049263654,0.593120189379441,0.600814406262369,111.2826694788549,107.78011030855956,4
313,48,160.43391273207976,0.03642217678724532,9034.078974628708,180.0,326.7611201253536,1.780689653480924,0.5626235675242045,1.001857965497943,1.021352817403738,-0.340941436850585,-3.843507133694203,4
314,48,171.8551371073154,0.03613079937294736,9707.873457770429,220.0,352.7892997749941,1.5784544694265898,0.5599807732010784,0.8839041542547051,0.897978294839683,25.94776911149586,22.44477513437178,4
315,48,138.76102477178705,0.03584175297796378,7829.819165067816,170.0,307.61190749098455,1.7729479546657785,0.5179800135444429,0.9183516055743577,0.9372754118128989,14.166246834814643,10.663179990869935,4
316,48,144.32774873883767,0.035555018954140066,8136.238715188952,170.0,316.3108957993811,1.8230905464275966,0.5234484807585806,0.9542939768158729,0.9739556344301249,7.930112502258879,4.427542145904823,4
317,48,156.2385358525007,0.03527057880250695,8848.259803627494,220.0,363.19556511942005,1.6250151371617434,0.4957717117061125,0.8056365361012389,0.8184640318318229,43.4407941768159,39.9379129961805,4
318,48,141.7232414720665,0.03498841417208689,8037.988741788213,210.0,346.23255902537494,1.6216754446796267,0.47243699828625774,0.7661394792811878,0.7789193852124343,49.92992081584836,46.42692910460988,4
319,48,178.4111356756989,0.03470850685871019,10125.140952039352,270.0,410.465494341624,1.5007764371522934,0.5019828005372102,0.7533639589038001,0.763135623604584,67.45547306273372,63.953381625999185,4
320,48,144.73772737490322,0.03443083880384051,8215.199393125073,220.0,350.07471846897465,1.5663073119901088,0.4775532160127523,0.7479950941073024,0.7599059438606152,56.3239064302966,52.82069234990476,4
321,48,159.76314641867063,0.03415539209340979,9098.664964973337,270.0,395.47132660305147,1.4459513681135658,0.4681953395387086,0.6769876917521032,0.6857697482834135,88.3446766381362,84.84216796279259,4
322,48,156.28529232067268,0.03388214895666251,8862.112199079245,230.0,362.13982808771686,1.5509042527894248,0.49799544060942685,0.7723432467130362,0.7841042750020807,53.1583928205217,49.65601674873736,4
323,48,139.4775307208593,0.033611091765009204,7936.931288647508,230.0,366.7251721918142,1.570535854874637,0.44042941137145547,0.6917101821020882,0.7022458770577155,71.98666378810478,68.48344827602321,4
324,48,151.86047741102166,0.03334220303088913,8505.761953598374,130.0,270.93295601600926,2.029420591944102,0.6388748652078344,1.296545807133077,1.3314788904184265,-39.589640728825486,-43.09225575572691,4
325,48,166.51386701469826,0.03307546540664202,9380.027908553875,190.0,336.93522974934194,1.7412471593093792,0.566528967839041,0.9864669559191326,1.0046503575687722,2.618674373982799,-0.8835679390713551,4
326,48,150.87449397290146,0.032810861683388884,8519.160784548985,190.0,329.04531683180414,1.7004583670486546,0.5268724795547318,0.8959247162292376,0.9124469577087337,20.13897275265083,16.635078034428147,4
327,48,139.0133955105861,0.03254837478992177,7866.268261715533,190.0,331.08829816022086,1.7110204256005777,0.48349204733282997,0.827264768604412,0.8425187322372032,33.424857434587295,29.921440874088887,4
328,48,157.88551780912528,0.0322879877916024,8972.75377382756,250.0,383.19375378271684,1.5115959660778382,0.47650969645098096,0.7202901349541576,0.7303821571866419,70.90722359730259,67.40446070260916,4
329,48,152.32320271237302,0.03202968388926958,8644.019525093467,230.0,364.33010406520117,1.5602814423917537,0.4828198256811872,0.7533348140312455,0.7648078144995097,57.59701450652415,54.09420266434796,4
330,48,170.38786640181686,0.031773446418155424,9570.714284241585,170.0,310.32996122352665,1.7886132852375263,0.6276030677663207,1.1225391848662858,1.1456707981362977,-21.260929236951085,-24.76403568431627,4
331,48,148.90749973022395,0.03151925884681018,8377.051782364946,160.0,306.49818839235627,1.8745719244960706,0.556195795690458,1.0426290231274866,1.0654562735628825,-6.969974420638692,-10.473003771126656,4
332,48,164.086959586859,0.0312671047760357,9167.488280225629,120.0,265.81555612656587,2.1523066123698675,0.7018339679603308,1.5105618900324842,1.554653220841974,-63.0557430610381,-66.55838650259156,4
333,48,160.29310004836395,0.031016967937827412,9026.327959947375,180.0,322.03447074489395,1.7549253053356288,0.5703916526683538,1.000994745223013,1.0204765221328256,-0.18253896744207054,-3.685773984929085,4
334,48,155.17433746938008,0.030768832194324792,8699.451613881216,140.0,280.25024782834805,1.9529226521817056,0.6316991393002565,1.2336595585075596,1.2645274310087016,-33.530846246268084,-37.03384034248273,4
335,48,132.93022208448355,0.030522681536770194,7531.4208226170285,190.0,324.79655663590484,1.678515331747999,0.47187819762385363,0.7920547894316892,0.8066548091549994,40.2378739606157,36.73558625974346,4
336,48,166.08798564125294,0.03027850008447603,9322.749250908402,160.0,303.35690320789104,1.8553600149574792,0.6253951871513751,1.1603332237913357,1.1857371703425017,-26.214960902694344,-29.71794725598599,4
337,48,132.8187450639503,0.030036272083800223,7547.841969722591,210.0,347.433393035927,1.627293474785482,0.4420950523530405,0.7194183939311194,0.7314218289672538,59.90524814904978,56.40141591614528,4
338,48,169.9785585830186,0.029795981907129822,9525.62660775134,150.0,284.09969406300115,1.8507780823651607,0.6823185857569793,1.2628202837138556,1.2923100097763165,-40.343660274541975,-43.846501467739756,4
339,48,146.76611262753536,0.029557614051872783,8349.408962819141,240.0,375.47015107792373,1.5419556533392134,0.4525272432578919,0.6977769410333742,0.7079603016360899,73.59208895674115,70.08952760663047,4
340,48,146.34259611596704,0.029321153139457802,8213.309633729677,140.0,281.74262332218575,1.9633195209545284,0.5932394931052815,1.1647186774189022,1.193863221751465,-23.63765642464702,-27.14085104639895,4
341,48,156.23416343215658,0.02908658391434214,8712.674818745889,100.0,242.710748932189,2.34495345759933,0.7305112498758142,1.7130148812185562,1.773029325597058,-73.79949280522811,-77.30293256147883,4
342,48,154.96536547228115,0.028853891243027403,8789.457008437339,230.0,373.79258865307804,1.600801971983673,0.4785152396031821,0.766008139183063,0.777675870090966,54.63787833077765,51.13454987830016,4
343,48,163.928608433244,0.028623060113083184,9203.886631433037,160.0,306.3410354031853,1.8736129026339905,0.6114071289944573,1.145540285650159,1.1706193309280732,-23.796250409110428,-27.29909294966231,4
344,48,147.07055905247302,0.02839407563217852,8332.331097730665,210.0,349.01224528659816,1.634698107586996,0.4858366436372263,0.7941962419524671,0.8074425611333886,43.93963102396998,40.43706216118096,4
345,48,146.7191956507428,0.02816692302712109,8188.924734449429,100.0,245.58006730236534,2.372702893781278,0.6785755056422784,1.610058065893084,1.6664461834437945,-63.142377107311674,-66.64461834604589,4
346,48,143.85593251964434,0.027941587642904123,8042.59550391613,110.0,252.5059354963218,2.2246521519752678,0.6481701833358654,1.4419531932100473,1.487880168210958,-50.16326008550524,-53.66681850469325,4
347,48,160.40480704689887,0.02771805494176089,9043.755548351344,190.0,331.33028493388883,1.712281304993398,0.5554591106729542,0.9511022508964289,0.9686338179367433,9.461824464329027,5.959574591050142,4
348,48,155.63011758134954,0.027496310502226805,8803.490811985992,210.0,345.9678669326702,1.6204444233996778,0.5178256570812174,0.839107698312958,0.8531001810621993,34.35080254227509,30.848961976085064,4
349,48,160.94388785940598,0.02727634001820899,9073.42917704662,190.0,319.794682774834,1.6526601390218372,0.5773838456292552,0.9542192665895916,0.9718120197469838,8.858708920754538,5.35571624710127,4
350,48,148.61662507171835,0.027058129298063317,8338.483242787379,140.0,284.5353285471292,1.9827904753060643,0.5963692974667657,1.1824753627862277,1.2120580999250794,-26.185665076943735,-29.688133990723173,4
351,48,174.05546247981832,0.02684166426367881,9772.596602621143,170.0,296.4393003070958,1.7085594970186817,0.6708703625215953,1.1462219291585038,1.1698372991892378,-25.36986651424479,-28.87234086334024,4
352,48,147.79438645467033,0.026626930949569378,8315.78061620908,160.0,302.241164370146,1.8485317069339826,0.5599043263744462,1.0350009001561011,1.057663347117482,-5.72276514346504,-9.226135539854766,4
353,48,164.46883410592048,0.026413915501972824,9323.85281587056,240.0,385.5773316683568,1.5834649233271547,0.4920942939811449,0.7792140534906048,0.7905850200090638,53.76188311421993,50.259595197034116,4
354,48,152.5809199731873,0.026202604177957042,8545.418614696278,130.0,269.71420798321503,2.020290892945379,0.6447538307631413,1.3025902924872501,1.337686683136397,-40.39660890845525,-43.89926880906927,4
355,48,160.70166989805358,0.025992983344533385,9003.70286222566,140.0,277.51746278403607,1.933882513348665,0.66022999564614,1.2768072433729363,1.3087525231784534,-39.722601209117215,-43.2253532462922,4
356,48,160.94555951531495,0.02578503947777712,9028.406424578352,150.0,295.10281106492084,1.922454916386003,0.6225900393037185,1.1969012819564442,1.2248538049262976,-30.224959407000625,-33.72807074016947,4
357,48,152.07516178015925,0.0255787591619549,8551.415301379384,160.0,294.9965959588973,1.8042259435999541,0.5899095235889686,1.0643300668395141,1.0876331336373928,-10.518167530284103,-14.021301383070465,4
358,48,149.57366904309814,0.025374129088659263,8458.83574850543,200.0,333.2641295064275,1.6376384835561422,0.5165191577518667,0.845871650231001,0.860686537406124,31.365561344680685,27.862692517914525,4
359,48,141.42315525608333,0.025171136055949988,7942.519692634079,140.0,277.1422952862821,1.9312719358417392,0.5832032082203824,1.126323988932955,1.1545019695996357,-18.127804580389352,-21.63027574510349,4
360,48,161.27474560788647,0.024969766967502388,9193.149425215306,280.0,403.58428667733693,1.4235652139554498,0.46354775688340333,0.659890461707926,0.6681449671516548,96.42190189583908,92.91940919686851,4
361,48,159.37628768085284,0.02477000883176237,9032.255610769684,230.0,361.8783655980493,1.5497824622072303,0.5079231563757398,0.7871703999022374,0.7991582681667996,49.696283001566485,46.19359832083694,4
362,48,156.54600264912708,0.02457184876110827,8899.020347285026,250.0,383.522126213737,1.5128946806417096,0.4721893515104622,0.7143727581576993,0.7243802562661037,72.40713348793531,68.90493593274971,4
363,48,162.08000601937783,0.024375273971019403,9203.638796685078,250.0,392.1495808681976,1.5469257675773505,0.47760869486945523,0.7388251969144326,0.7491761980471686,66.20847083192123,62.705950487458665,4
364,48,144.9426273749032,0.024180271779251247,8215.199393125073,210.0,344.2339251563125,1.6123126138283026,0.4856561060148138,0.7830294657126943,0.7960919411871389,46.3239064302966,42.82069234990476,4
365,48,153.62882810189998,0.023986829605017235,8715.887493912036,230.0,361.7278174359071,1.5491371430697334,0.4903363854012877,0.7595983072257905,0.7711665673927772,56.13446170507885,52.63168949889007,4
366,48,157.05616475749986,0.023794934968177098,8870.708689244228,200.0,338.83207463836663,1.6649965858087936,0.5327681035458464,0.887057073434278,0.9025946091260871,22.984242999956535,19.48107817387998,4
367,48,146.60373717933635,0.02360457548843168,8317.913644483755,220.0,359.47467147849926,1.6083684593377259,0.4708803042188685,0.757349029431088,0.7694070121112501,54.23314379312529,50.730457334755584,4
368,48,149.59983025066734,0.023415738884524227,8381.32494361575,130.0,274.3214302356687,2.0547992206658834,0.6217522358914184,1.2775760097616142,1.31199971231745,-37.057171928600866,-40.5599626025805,4
369,48,148.67684445833385,0.023228412973448034,8398.191471257436,190.0,331.0044123198078,1.710595457673129,0.5163169736675605,0.8832094698779338,0.8994905075746809,22.599253734982028,19.096803559911166,4
370,48,166.1688066814091,0.02304258566966045,9372.312802411465,200.0,334.046332842521,1.6414827463098247,0.5709584173714498,0.9372183909784042,0.9536328276405984,12.776233139898721,9.273434470926702,4
371,48,167.0733957280751,0.022858244984303167,9501.056626194477,270.0,407.5692670337856,1.4901806751828008,0.4743893074905368,0.706925778537484,0.7160981568234871,80.15675388612331,76.65349765694239,4
372,48,151.81990404098923,0.022675379024428743,8605.036827268632,220.0,359.3326165009861,1.607734688611372,0.48732703738278316,0.7834925827006917,0.7959659065187304,48.389934794290724,44.88750056508334,4
373,48,163.30918004840115,0.022493975992233312,9260.019818814397,240.0,373.0886395716255,1.5321764493416217,0.505084806465116,0.7738790453881959,0.7851725138003659,55.06099468470103,51.55859668712702,4
374,48,155.0949339604972,0.022314024184295445,8717.638242995388,160.0,300.5628229051759,1.8382759187254056,0.5902391271469221,1.0850223737272995,1.1087746140240462,-13.901375957278958,-17.40393824495615,4
375,48,162.60855598393997,0.02213551199082108,9221.454064179004,240.0,380.95598138959093,1.5644834302424802,0.4925938937119353,0.7706549845529712,0.7819024591885869,55.84613665184534,52.34340979395725,4
376,48,148.14168997938617,0.021958427894894512,8380.012659183474,200.0,348.29174940315846,1.7114827703422277,0.48962761221339346,0.8379892221894346,0.8526662880676552,32.96966712251134,29.4667423856163,4
377,48,160.00325182502954,0.021782760471735354,9021.651996753979,190.0,332.43968184849757,1.7180092387189054,0.5522524179801701,0.9487747561976407,0.9662664112261959,9.912230602001046,6.4093818660565205,4
378,48,143.65013227426195,0.021608498387961472,8155.332871374578,220.0,359.91737904098034,1.6103513103224922,0.46110866992370264,0.7425469508147592,0.7543682905987196,57.5413737942024,54.03897606752733,4
379,48,154.81863764130063,0.02143563040085778,8736.265626757342,190.0,331.40359558906175,1.7126543203288798,0.5364546669687471,0.9187614030473874,0.9357000289661906,15.719904950710543,12.21699449548808,4
380,48,163.35964683148367,0.02126414535765092,9195.125603098126,180.0,317.2354406749851,1.7287762487815057,0.5898483650638723,1.0197158439082397,1.039560033455596,-3.617914369570258,-7.1208060230468675,4
381,48,164.00518131040656,0.021094032194789714,9320.88849619676,260.0,359.5809513532895,1.36462079706409,0.5275031399277745,0.7198417552640518,0.7295387726802867,73.82238962427601,70.31991910239594,4
382,48,157.49852164345268,0.020925279937231398,8906.336854926662,210.0,350.86000689913976,1.6433495621658702,0.5165705735431466,0.8489060258623219,0.8630664523661643,32.2590117326298,28.756045002242445,4
383,48,143.5941466108237,0.020757877697733546,8174.808532549333,240.0,333.0041447085123,1.3675565434084491,0.4995654146662245,0.683183951689402,0.6931556401528575,77.14566370563864,73.64264636262106,4
384,48,156.90395501408878,0.020591814676151676,8794.658172185214,140.0,283.28060763308076,1.974043599606935,0.6317809584592177,1.247163157404356,1.278366384304934,-35.46858307989359,-38.971293803969104,4
385,48,162.68549588396024,0.020427080158742464,9101.623596849246,130.0,268.5677107968212,2.011691608123349,0.6896511857127717,1.3873655028358658,1.42475415534198,-51.71461963663009,-55.21804019588214,4
386,48,164.88819500667714,0.020263663517472524,9234.149557256407,140.0,275.61816209442713,1.9206445144426854,0.6817944872047518,1.3094848418318212,1.3422495963487548,-44.41198913295162,-47.9149434901679,4
387,48,161.13924752672682,0.020101554209332743,9027.789262218683,140.0,270.6458557688297,1.8860006319932476,0.6788040813098234,1.280224926354653,1.3122536534631284,-40.21298493561156,-43.715511486150206,4
388,48,133.68131880064487,0.02,7505.092684573394,130.0,258.40877122523125,1.9356076266418167,0.5910350310723701,1.1440119137605897,1.1748356625376442,-19.225973883543702,-22.728636131068555,4
389,48,159.28018286260064,0.02,9015.686842219444,220.0,352.79069339291533,1.5784614926567746,0.5200512107452606,0.8208808103732538,0.833951032901508,40.03365517676207,36.53077276083431,4
390,48,154.38107992300166,0.02,8768.573783398562,240.0,379.60899369420775,1.5589514249977818,0.47006388008665717,0.7328067557030111,0.7435019853809052,65.062295695362,61.55952350783926,4
391,48,141.82212971732062,0.02,8077.268107960619,240.0,361.9146812676546,1.4862854405871215,0.45417446294471414,0.6750328917630689,0.6848850249846404,79.13040401720875,75.6275940030014,4
392,48,156.031050529913,0.02,8836.838802769473,220.0,353.97867287451584,1.5837753196061635,0.508024023525281,0.8045959102286339,0.8174075892524608,43.673417254119954,40.17033036364123,4
393,48,154.10100519527668,0.02,8696.76364811343,190.0,329.1992174703893,1.701261405483609,0.5376049846002127,0.91460661169873,0.9314691591482993,16.523878407875145,13.020859760891682,4
394,48,150.50768785152042,0.02,8555.363453047858,240.0,370.6507622360226,1.5221621336131193,0.4697188405029906,0.7149882324602416,0.7254235261199937,69.40116729390101,65.89835373047609,4
395,48,158.2103705010825,0.02,8956.799168882177,220.0,359.0523286779523,1.6064795153429245,0.507644286161225,0.815520146801161,0.8285039231178354,41.231724557324384,37.729136913247714,4
396,48,157.9639585277412,0.02,8886.841995251894,170.0,308.17636557498247,1.7761962231575117,0.5868303179751376,1.0423257944251434,1.0638072623665427,-7.3436759563664396,-10.847234603376052,4
397,48,155.8044829337636,0.02,8880.7608814754,270.0,386.0292495324722,1.4114245665974863,0.46816007894851,0.6607726365298573,0.6693462368050187,92.77979683712852,89.2765160619756,4
398,48,170.75678102475473,0.02,9692.529367796264,260.0,391.8356142495903,1.4870205944582267,0.5033819424808877,0.7485393153493768,0.7586268178226744,66.26085220030919,62.75702736534603,4
399,48,162.9939930230217,0.02,9186.276931965744,190.0,329.3444397659199,1.702009692457256,0.5676146702151783,0.9660856702900957,0.9838986082343104,6.562533671895437,3.0592644344971234,4
400,48,153.20541235425566,0.02,8715.138016967889,250.0,358.7951592652492,1.415345750971427,0.49430170409208085,0.6996078165866121,0.7094122345783485,76.15048210972657,72.64694135470347,4
